# unix_time, cycles_done, cur_path, paths_total, pending_total, pending_favs, map_size, unique_crashes, unique_hangs, max_depth, execs_per_sec
1495553859, 0, 0, 1, 1, 1, 0.09%, 0, 0, 1, 2000.00
1495553864, 1, 8, 9, 1, 1, 0.11%, 0, 0, 3, 4220.54
1495553869, 6, 6, 9, 0, 0, 0.11%, 0, 0, 3, 4662.53
1495553875, 7, 10, 11, 1, 1, 0.11%, 0, 0, 4, 5006.16
1495553880, 9, 8, 11, 0, 0, 0.11%, 0, 0, 4, 5136.63
1495553885, 11, 10, 11, 0, 0, 0.11%, 0, 0, 4, 5100.08
1495553890, 15, 5, 11, 0, 0, 0.11%, 0, 0, 4, 5121.23
1495553895, 18, 7, 11, 0, 0, 0.11%, 0, 0, 4, 5117.04
1495553900, 21, 10, 11, 0, 0, 0.11%, 0, 0, 4, 5148.39
1495553906, 24, 10, 11, 0, 0, 0.11%, 0, 0, 4, 5011.42
1495553911, 27, 10, 11, 0, 0, 0.11%, 0, 0, 4, 4991.60
1495553916, 30, 10, 11, 0, 0, 0.11%, 0, 0, 4, 4968.30
1495553921, 33, 10, 11, 0, 0, 0.11%, 0, 0, 4, 4910.70
1495553926, 36, 10, 11, 0, 0, 0.11%, 0, 0, 4, 5001.07
1495553931, 40, 3, 11, 0, 0, 0.11%, 0, 0, 4, 4918.53
1495553936, 43, 8, 11, 0, 0, 0.11%, 0, 0, 4, 5096.57
1495553942, 46, 7, 11, 0, 0, 0.11%, 0, 0, 4, 4873.90
1495553947, 49, 8, 11, 0, 0, 0.11%, 0, 0, 4, 5099.70
1495553952, 52, 10, 11, 0, 0, 0.11%, 0, 0, 4, 5023.35
1495553957, 55, 10, 11, 0, 0, 0.11%, 0, 0, 4, 4930.80
1495553962, 58, 10, 11, 0, 0, 0.11%, 0, 0, 4, 4951.54
1495553967, 61, 10, 11, 0, 0, 0.11%, 0, 0, 4, 4858.36
1495553973, 64, 10, 11, 0, 0, 0.11%, 0, 0, 4, 4905.09
1495553978, 68, 3, 11, 0, 0, 0.11%, 0, 0, 4, 4931.57
1495553983, 71, 6, 11, 0, 0, 0.11%, 0, 0, 4, 4947.53
1495553988, 74, 7, 11, 0, 0, 0.11%, 0, 0, 4, 4998.13
1495553993, 77, 8, 11, 0, 0, 0.11%, 0, 0, 4, 4941.06
1495553998, 80, 9, 11, 0, 0, 0.11%, 0, 0, 4, 4971.65
1495554003, 83, 9, 11, 0, 0, 0.11%, 0, 0, 4, 4953.62
1495554009, 86, 9, 11, 0, 0, 0.11%, 0, 0, 4, 4910.17
1495554014, 89, 8, 11, 0, 0, 0.11%, 0, 0, 4, 4830.52
1495554019, 92, 10, 11, 0, 0, 0.11%, 0, 0, 4, 4918.22
1495554024, 95, 10, 11, 0, 0, 0.11%, 0, 0, 4, 4988.42
1495554029, 98, 10, 11, 0, 0, 0.11%, 0, 0, 4, 4972.36
1495554034, 101, 10, 11, 0, 0, 0.11%, 0, 0, 4, 4950.73
1495554040, 105, 3, 11, 0, 0, 0.11%, 0, 0, 4, 4950.74
1495554045, 108, 5, 11, 0, 0, 0.11%, 0, 0, 4, 4952.37
1495554050, 111, 7, 11, 0, 0, 0.11%, 0, 0, 4, 4921.94
1495554055, 114, 8, 11, 0, 0, 0.11%, 0, 0, 4, 5021.97
1495554060, 117, 10, 11, 0, 0, 0.11%, 0, 0, 4, 5026.04
1495554065, 120, 10, 11, 0, 0, 0.11%, 0, 0, 4, 4918.23
1495554071, 123, 10, 11, 0, 0, 0.11%, 0, 0, 4, 4926.43
1495554076, 126, 10, 11, 0, 0, 0.11%, 0, 0, 4, 4654.37
1495554081, 129, 10, 11, 0, 0, 0.11%, 0, 0, 4, 4686.69
1495554086, 133, 5, 11, 0, 0, 0.11%, 0, 0, 4, 4994.89
1495554091, 136, 3, 11, 0, 0, 0.11%, 0, 0, 4, 4709.67
1495554096, 139, 5, 11, 0, 0, 0.11%, 0, 0, 4, 4915.64
1495554101, 142, 7, 11, 0, 0, 0.11%, 0, 0, 4, 4945.74
1495554106, 145, 8, 11, 0, 0, 0.11%, 0, 0, 4, 4970.38
1495554112, 148, 10, 11, 0, 0, 0.11%, 0, 0, 4, 5010.75
1495554117, 151, 10, 11, 0, 0, 0.11%, 0, 0, 4, 5068.79
1495554122, 155, 3, 11, 0, 0, 0.11%, 0, 0, 4, 5072.11
1495554127, 158, 7, 11, 0, 0, 0.11%, 0, 0, 4, 5039.36
1495554132, 161, 8, 11, 0, 0, 0.11%, 0, 0, 4, 5053.88
1495554137, 164, 9, 11, 0, 0, 0.11%, 0, 0, 4, 5009.43
1495554142, 167, 10, 11, 0, 0, 0.11%, 0, 0, 4, 5043.40
1495554148, 171, 3, 11, 0, 0, 0.11%, 0, 0, 4, 5087.77
1495554153, 174, 7, 11, 0, 0, 0.11%, 0, 0, 4, 5119.10
1495554158, 177, 8, 11, 0, 0, 0.11%, 0, 0, 4, 5070.73
1495554163, 180, 10, 11, 0, 0, 0.11%, 0, 0, 4, 5053.37
1495554168, 184, 5, 11, 0, 0, 0.11%, 0, 0, 4, 5111.36
1495554174, 187, 7, 11, 0, 0, 0.11%, 0, 0, 4, 4951.55
1495554179, 190, 7, 11, 0, 0, 0.11%, 0, 0, 4, 4902.41
1495554184, 193, 7, 11, 0, 0, 0.11%, 0, 0, 4, 4899.76
1495554189, 196, 7, 11, 0, 0, 0.11%, 0, 0, 4, 4811.22
1495554194, 199, 8, 11, 0, 0, 0.11%, 0, 0, 4, 4786.25
1495554199, 202, 9, 11, 0, 0, 0.11%, 0, 0, 4, 4775.74
1495554204, 205, 10, 11, 0, 0, 0.11%, 0, 0, 4, 4745.62
1495554210, 208, 10, 11, 0, 0, 0.11%, 0, 0, 4, 4855.26
1495554215, 211, 10, 11, 0, 0, 0.11%, 0, 0, 4, 4941.86
1495554220, 214, 10, 11, 0, 0, 0.11%, 0, 0, 4, 4986.07
1495554225, 218, 1, 11, 0, 0, 0.11%, 0, 0, 4, 5081.67
1495554230, 221, 7, 11, 0, 0, 0.11%, 0, 0, 4, 5101.35
1495554235, 224, 8, 11, 0, 0, 0.11%, 0, 0, 4, 5130.05
1495554241, 227, 10, 11, 0, 0, 0.11%, 0, 0, 4, 5040.09
1495554246, 230, 10, 11, 0, 0, 0.11%, 0, 0, 4, 5008.17
1495554251, 234, 5, 11, 0, 0, 0.11%, 0, 0, 4, 4985.71
1495554256, 237, 7, 11, 0, 0, 0.11%, 0, 0, 4, 4930.75
1495554261, 240, 8, 11, 0, 0, 0.11%, 0, 0, 4, 4864.91
1495554266, 243, 8, 11, 0, 0, 0.11%, 0, 0, 4, 4943.31
