# unix_time, cycles_done, cur_path, paths_total, pending_total, pending_favs, map_size, unique_crashes, unique_hangs, max_depth, execs_per_sec
1495555671, 0, 0, 1, 1, 1, 0.04%, 0, 0, 1, 0.00
1495555676, 2, 5, 9, 0, 0, 0.06%, 0, 0, 3, 4447.14
1495555682, 9, 6, 9, 0, 0, 0.06%, 0, 0, 3, 4862.03
1495555687, 16, 7, 9, 0, 0, 0.06%, 0, 0, 3, 4956.95
1495555692, 24, 4, 9, 0, 0, 0.06%, 0, 0, 3, 4915.78
1495555697, 31, 2, 9, 0, 0, 0.06%, 0, 0, 3, 4887.27
1495555702, 38, 0, 9, 0, 0, 0.06%, 0, 0, 3, 4829.84
1495555707, 45, 5, 9, 0, 0, 0.06%, 0, 0, 3, 4888.80
1495555712, 52, 0, 9, 0, 0, 0.06%, 0, 0, 3, 4942.74
1495555718, 59, 5, 9, 0, 0, 0.06%, 0, 0, 3, 4952.97
1495555723, 62, 9, 10, 0, 0, 0.07%, 0, 0, 4, 4931.69
1495555728, 66, 7, 10, 0, 0, 0.07%, 0, 0, 4, 4898.83
1495555733, 70, 0, 10, 0, 0, 0.07%, 0, 0, 4, 4843.12
1495555738, 73, 9, 10, 0, 0, 0.07%, 0, 0, 4, 4762.69
1495555743, 79, 5, 10, 0, 0, 0.07%, 0, 0, 4, 4805.49
1495555748, 84, 9, 10, 0, 0, 0.07%, 0, 0, 4, 4770.50
1495555753, 90, 9, 10, 0, 0, 0.07%, 0, 0, 4, 4858.34
1495555759, 96, 8, 10, 0, 0, 0.07%, 0, 0, 4, 4826.05
1495555764, 102, 9, 10, 0, 0, 0.07%, 0, 0, 4, 4987.60
1495555769, 108, 8, 10, 0, 0, 0.07%, 0, 0, 4, 4914.64
1495555774, 114, 7, 10, 0, 0, 0.07%, 0, 0, 4, 4787.73
1495555779, 120, 0, 10, 0, 0, 0.07%, 0, 0, 4, 4707.32
1495555784, 126, 0, 10, 0, 0, 0.07%, 0, 0, 4, 4835.00
1495555789, 131, 6, 10, 0, 0, 0.07%, 0, 0, 4, 4790.23
1495555795, 137, 1, 10, 0, 0, 0.07%, 0, 0, 4, 4721.38
1495555800, 142, 7, 10, 0, 0, 0.07%, 0, 0, 4, 4724.85
1495555805, 148, 0, 10, 0, 0, 0.07%, 0, 0, 4, 4685.57
1495555810, 154, 0, 10, 0, 0, 0.07%, 0, 0, 4, 4877.81
1495555815, 160, 0, 10, 0, 0, 0.07%, 0, 0, 4, 4824.45
1495555820, 165, 8, 10, 0, 0, 0.07%, 0, 0, 4, 4740.08
1495555825, 171, 9, 10, 0, 0, 0.07%, 0, 0, 4, 4881.91
1495555830, 177, 9, 10, 0, 0, 0.07%, 0, 0, 4, 4879.54
1495555836, 183, 7, 10, 0, 0, 0.07%, 0, 0, 4, 4803.63
1495555841, 189, 5, 10, 0, 0, 0.07%, 0, 0, 4, 4814.98
1495555846, 195, 0, 10, 0, 0, 0.07%, 0, 0, 4, 4764.85
1495555851, 201, 0, 10, 0, 0, 0.07%, 0, 0, 4, 4861.00
1495555856, 207, 0, 10, 0, 0, 0.07%, 0, 0, 4, 4910.18
1495555862, 212, 8, 10, 0, 0, 0.07%, 0, 0, 4, 4874.90
1495555867, 218, 5, 10, 0, 0, 0.07%, 0, 0, 4, 4829.06
1495555872, 224, 5, 10, 0, 0, 0.07%, 0, 0, 4, 4918.11
1495555877, 230, 0, 10, 0, 0, 0.07%, 0, 0, 4, 4863.37
1495555882, 235, 9, 10, 0, 0, 0.07%, 0, 0, 4, 4828.13
1495555887, 241, 7, 10, 0, 0, 0.07%, 0, 0, 4, 4886.03
1495555893, 247, 8, 10, 0, 0, 0.07%, 0, 0, 4, 4910.32
1495555898, 253, 7, 10, 0, 0, 0.07%, 0, 0, 4, 4917.54
1495555903, 259, 7, 10, 0, 0, 0.07%, 0, 0, 4, 4897.86
1495555908, 265, 5, 10, 0, 0, 0.07%, 0, 0, 4, 4846.40
1495555913, 270, 9, 10, 0, 0, 0.07%, 0, 0, 4, 4746.78
1495555918, 276, 9, 10, 0, 0, 0.07%, 0, 0, 4, 4855.45
