# unix_time, cycles_done, cur_path, paths_total, pending_total, pending_favs, map_size, unique_crashes, unique_hangs, max_depth, execs_per_sec
1495552090, 0, 0, 1, 1, 1, 0.01%, 0, 0, 1, 0.00
1495552095, 8, 3, 6, 0, 0, 0.02%, 0, 0, 2, 4423.99
1495552100, 21, 3, 6, 0, 0, 0.02%, 0, 0, 2, 4867.29
1495552105, 34, 0, 6, 0, 0, 0.02%, 0, 0, 2, 4960.59
1495552110, 46, 1, 6, 0, 0, 0.02%, 0, 0, 2, 4941.76
1495552116, 58, 5, 6, 0, 0, 0.02%, 0, 0, 2, 4961.53
1495552121, 71, 3, 6, 0, 0, 0.02%, 0, 0, 2, 5004.50
1495552126, 83, 4, 6, 0, 0, 0.02%, 0, 0, 2, 4849.52
1495552131, 95, 5, 6, 0, 0, 0.02%, 0, 0, 2, 4826.95
1495552136, 107, 5, 6, 0, 0, 0.02%, 0, 0, 2, 4848.91
1495552141, 119, 4, 6, 0, 0, 0.02%, 0, 0, 2, 4892.90
1495552146, 132, 0, 6, 0, 0, 0.02%, 0, 0, 2, 4808.92
1495552152, 144, 2, 6, 0, 0, 0.02%, 0, 0, 2, 4842.92
1495552157, 156, 2, 6, 0, 0, 0.02%, 0, 0, 2, 4893.78
1495552162, 168, 3, 6, 0, 0, 0.02%, 0, 0, 2, 4917.19
1495552167, 180, 1, 6, 0, 0, 0.02%, 0, 0, 2, 4839.78
1495552172, 192, 2, 6, 0, 0, 0.02%, 0, 0, 2, 4898.01
1495552177, 204, 4, 6, 0, 0, 0.02%, 0, 0, 2, 4913.94
1495552182, 216, 4, 6, 0, 0, 0.02%, 0, 0, 2, 4895.83
1495552187, 228, 4, 6, 0, 0, 0.02%, 0, 0, 2, 4851.77
1495552193, 241, 1, 6, 0, 0, 0.02%, 0, 0, 2, 4879.04
1495552198, 253, 4, 6, 0, 0, 0.02%, 0, 0, 2, 4856.22
1495552203, 265, 4, 6, 0, 0, 0.02%, 0, 0, 2, 4722.44
1495552208, 277, 1, 6, 0, 0, 0.02%, 0, 0, 2, 4619.03
1495552213, 289, 0, 6, 0, 0, 0.02%, 0, 0, 2, 4784.36
1495552218, 301, 3, 6, 0, 0, 0.02%, 0, 0, 2, 4933.49
1495552223, 313, 5, 6, 0, 0, 0.02%, 0, 0, 2, 4960.46
1495552228, 325, 5, 6, 0, 0, 0.02%, 0, 0, 2, 4848.96
1495552234, 338, 1, 6, 0, 0, 0.02%, 0, 0, 2, 4937.28
1495552239, 350, 5, 6, 0, 0, 0.02%, 0, 0, 2, 4962.91
1495552244, 363, 2, 6, 0, 0, 0.02%, 0, 0, 2, 4979.89
1495552249, 376, 0, 6, 0, 0, 0.02%, 0, 0, 2, 4951.35
1495552254, 388, 3, 6, 0, 0, 0.02%, 0, 0, 2, 4994.15
1495552259, 400, 4, 6, 0, 0, 0.02%, 0, 0, 2, 4994.06
1495552264, 413, 2, 6, 0, 0, 0.02%, 0, 0, 2, 4997.87
1495552270, 426, 0, 6, 0, 0, 0.02%, 0, 0, 2, 5036.44
1495552275, 438, 2, 6, 0, 0, 0.02%, 0, 0, 2, 4985.01
1495552280, 450, 5, 6, 0, 0, 0.02%, 0, 0, 2, 4972.98
1495552285, 462, 5, 6, 0, 0, 0.02%, 0, 0, 2, 4915.06
1495552290, 474, 5, 6, 0, 0, 0.02%, 0, 0, 2, 4799.41
1495552295, 486, 4, 6, 0, 0, 0.02%, 0, 0, 2, 4903.18
1495552301, 499, 1, 6, 0, 0, 0.02%, 0, 0, 2, 4935.95
1495552306, 511, 4, 6, 0, 0, 0.02%, 0, 0, 2, 4976.87
1495552311, 524, 0, 6, 0, 0, 0.02%, 0, 0, 2, 4892.76
1495552316, 536, 1, 6, 0, 0, 0.02%, 0, 0, 2, 4929.03
1495552321, 548, 0, 6, 0, 0, 0.02%, 0, 0, 2, 4851.25
1495552326, 560, 3, 6, 0, 0, 0.02%, 0, 0, 2, 4942.96
1495552331, 572, 5, 6, 0, 0, 0.02%, 0, 0, 2, 4966.31
1495552337, 585, 1, 6, 0, 0, 0.02%, 0, 0, 2, 4969.48
1495552342, 597, 2, 6, 0, 0, 0.02%, 0, 0, 2, 4971.21
1495552347, 610, 0, 6, 0, 0, 0.02%, 0, 0, 2, 4955.44
1495552352, 622, 1, 6, 0, 0, 0.02%, 0, 0, 2, 4949.38
1495552357, 635, 1, 6, 0, 0, 0.02%, 0, 0, 2, 5074.60
1495552362, 647, 5, 6, 0, 0, 0.02%, 0, 0, 2, 5099.28
1495552367, 660, 3, 6, 0, 0, 0.02%, 0, 0, 2, 5118.07
1495552372, 672, 5, 6, 0, 0, 0.02%, 0, 0, 2, 5079.76
1495552378, 685, 3, 6, 0, 0, 0.02%, 0, 0, 2, 5013.79
1495552383, 698, 1, 6, 0, 0, 0.02%, 0, 0, 2, 5072.40
1495552388, 710, 5, 6, 0, 0, 0.02%, 0, 0, 2, 5125.67
1495552393, 723, 5, 6, 0, 0, 0.02%, 0, 0, 2, 5079.39
1495552398, 736, 3, 6, 0, 0, 0.02%, 0, 0, 2, 5118.51
1495552403, 749, 1, 6, 0, 0, 0.02%, 0, 0, 2, 5031.05
1495552408, 761, 5, 6, 0, 0, 0.02%, 0, 0, 2, 5106.26
1495552414, 774, 4, 6, 0, 0, 0.02%, 0, 0, 2, 5080.83
1495552419, 788, 0, 6, 0, 0, 0.02%, 0, 0, 2, 5002.30
1495552424, 800, 2, 6, 0, 0, 0.02%, 0, 0, 2, 4909.35
1495552429, 812, 0, 6, 0, 0, 0.02%, 0, 0, 2, 4760.46
1495552434, 823, 2, 6, 0, 0, 0.02%, 0, 0, 2, 4535.70
1495552439, 835, 2, 6, 0, 0, 0.02%, 0, 0, 2, 4824.81
1495552444, 847, 5, 6, 0, 0, 0.02%, 0, 0, 2, 5039.70
1495552449, 860, 2, 6, 0, 0, 0.02%, 0, 0, 2, 5003.36
1495552455, 873, 2, 6, 0, 0, 0.02%, 0, 0, 2, 5049.89
1495552460, 885, 3, 6, 0, 0, 0.02%, 0, 0, 2, 5012.30
1495552465, 898, 0, 6, 0, 0, 0.02%, 0, 0, 2, 5070.58
1495552470, 911, 1, 6, 0, 0, 0.02%, 0, 0, 2, 5171.46
1495552475, 924, 0, 6, 0, 0, 0.02%, 0, 0, 2, 5172.94
1495552480, 936, 5, 6, 0, 0, 0.02%, 0, 0, 2, 5156.92
1495552485, 949, 3, 6, 0, 0, 0.02%, 0, 0, 2, 5180.09
1495552490, 962, 2, 6, 0, 0, 0.02%, 0, 0, 2, 5145.72
1495552496, 975, 2, 6, 0, 0, 0.02%, 0, 0, 2, 5139.90
1495552501, 988, 1, 6, 0, 0, 0.02%, 0, 0, 2, 5158.19
1495552506, 1000, 5, 6, 0, 0, 0.02%, 0, 0, 2, 5092.46
1495552511, 1014, 0, 6, 0, 0, 0.02%, 0, 0, 2, 5174.19
1495552516, 1026, 5, 6, 0, 0, 0.02%, 0, 0, 2, 5146.82
1495552521, 1039, 4, 6, 0, 0, 0.02%, 0, 0, 2, 5142.92
1495552526, 1052, 3, 6, 0, 0, 0.02%, 0, 0, 2, 5124.04
1495552531, 1065, 0, 6, 0, 0, 0.02%, 0, 0, 2, 4981.19
1495552537, 1077, 3, 6, 0, 0, 0.02%, 0, 0, 2, 4882.74
1495552542, 1090, 1, 6, 0, 0, 0.02%, 0, 0, 2, 5078.14
1495552547, 1102, 5, 6, 0, 0, 0.02%, 0, 0, 2, 4983.40
1495552552, 1115, 3, 6, 0, 0, 0.02%, 0, 0, 2, 5019.27
1495552557, 1128, 1, 6, 0, 0, 0.02%, 0, 0, 2, 5113.89
1495552562, 1140, 5, 6, 0, 0, 0.02%, 0, 0, 2, 5085.83
1495552568, 1153, 3, 6, 0, 0, 0.02%, 0, 0, 2, 5081.90
1495552573, 1166, 3, 6, 0, 0, 0.02%, 0, 0, 2, 5176.17
1495552578, 1179, 2, 6, 0, 0, 0.02%, 0, 0, 2, 5111.77
1495552583, 1192, 2, 6, 0, 0, 0.02%, 0, 0, 2, 5126.34
1495552588, 1205, 1, 6, 0, 0, 0.02%, 0, 0, 2, 5125.66
1495552593, 1217, 5, 6, 0, 0, 0.02%, 0, 0, 2, 5012.78
1495552599, 1230, 4, 6, 0, 0, 0.02%, 0, 0, 2, 5117.34
1495552604, 1242, 4, 6, 0, 0, 0.02%, 0, 0, 2, 5004.78
1495552609, 1255, 2, 6, 0, 0, 0.02%, 0, 0, 2, 4976.05
1495552614, 1267, 5, 6, 0, 0, 0.02%, 0, 0, 2, 5004.97
1495552619, 1279, 5, 6, 0, 0, 0.02%, 0, 0, 2, 4975.20
1495552624, 1292, 2, 6, 0, 0, 0.02%, 0, 0, 2, 4941.15
1495552629, 1304, 5, 6, 0, 0, 0.02%, 0, 0, 2, 4945.78
1495552634, 1317, 1, 6, 0, 0, 0.02%, 0, 0, 2, 4976.13
1495552639, 1329, 4, 6, 0, 0, 0.02%, 0, 0, 2, 4902.79
1495552645, 1342, 2, 6, 0, 0, 0.02%, 0, 0, 2, 4941.66
1495552650, 1354, 5, 6, 0, 0, 0.02%, 0, 0, 2, 5007.38
1495552655, 1367, 2, 6, 0, 0, 0.02%, 0, 0, 2, 4976.94
1495552660, 1379, 5, 6, 0, 0, 0.02%, 0, 0, 2, 5002.40
1495552665, 1392, 2, 6, 0, 0, 0.02%, 0, 0, 2, 4993.00
1495552671, 1404, 5, 6, 0, 0, 0.02%, 0, 0, 2, 4973.34
1495552676, 1417, 3, 6, 0, 0, 0.02%, 0, 0, 2, 4995.67
1495552681, 1429, 3, 6, 0, 0, 0.02%, 0, 0, 2, 4983.58
1495552686, 1441, 3, 6, 0, 0, 0.02%, 0, 0, 2, 4897.36
1495552691, 1453, 5, 6, 0, 0, 0.02%, 0, 0, 2, 4797.35
1495552696, 1466, 1, 6, 0, 0, 0.02%, 0, 0, 2, 4845.18
1495552701, 1478, 3, 6, 0, 0, 0.02%, 0, 0, 2, 4894.73
1495552706, 1491, 0, 6, 0, 0, 0.02%, 0, 0, 2, 4990.31
1495552712, 1503, 4, 6, 0, 0, 0.02%, 0, 0, 2, 5016.43
1495552717, 1517, 0, 6, 0, 0, 0.02%, 0, 0, 2, 5120.69
1495552722, 1529, 2, 6, 0, 0, 0.02%, 0, 0, 2, 4984.20
1495552727, 1541, 3, 6, 0, 0, 0.02%, 0, 0, 2, 4892.78
1495552732, 1554, 2, 6, 0, 0, 0.02%, 0, 0, 2, 5051.61
1495552737, 1567, 2, 6, 0, 0, 0.02%, 0, 0, 2, 5114.99
1495552743, 1579, 3, 6, 0, 0, 0.02%, 0, 0, 2, 4966.70
1495552748, 1592, 2, 6, 0, 0, 0.02%, 0, 0, 2, 5086.51
1495552753, 1605, 3, 6, 0, 0, 0.02%, 0, 0, 2, 5147.23
1495552758, 1618, 3, 6, 0, 0, 0.02%, 0, 0, 2, 5108.99
1495552763, 1631, 1, 6, 0, 0, 0.02%, 0, 0, 2, 5139.27
1495552768, 1643, 3, 6, 0, 0, 0.02%, 0, 0, 2, 5045.36
1495552773, 1656, 1, 6, 0, 0, 0.02%, 0, 0, 2, 5053.36
1495552779, 1668, 3, 6, 0, 0, 0.02%, 0, 0, 2, 4992.85
1495552784, 1681, 2, 6, 0, 0, 0.02%, 0, 0, 2, 5094.75
1495552789, 1694, 2, 6, 0, 0, 0.02%, 0, 0, 2, 5090.26
1495552794, 1706, 5, 6, 0, 0, 0.02%, 0, 0, 2, 5060.53
1495552799, 1719, 0, 6, 0, 0, 0.02%, 0, 0, 2, 4950.19
1495552804, 1731, 3, 6, 0, 0, 0.02%, 0, 0, 2, 4938.02
1495552809, 1743, 4, 6, 0, 0, 0.02%, 0, 0, 2, 4957.24
1495552815, 1756, 0, 6, 0, 0, 0.02%, 0, 0, 2, 4950.19
1495552820, 1768, 2, 6, 0, 0, 0.02%, 0, 0, 2, 4963.67
1495552825, 1781, 0, 6, 0, 0, 0.02%, 0, 0, 2, 5100.00
1495552830, 1793, 5, 6, 0, 0, 0.02%, 0, 0, 2, 5108.43
1495552835, 1806, 0, 6, 0, 0, 0.02%, 0, 0, 2, 5042.41
1495552840, 1819, 0, 6, 0, 0, 0.02%, 0, 0, 2, 5125.66
1495552845, 1831, 3, 6, 0, 0, 0.02%, 0, 0, 2, 4991.98
1495552851, 1844, 2, 6, 0, 0, 0.02%, 0, 0, 2, 5089.12
1495552856, 1856, 3, 6, 0, 0, 0.02%, 0, 0, 2, 5016.58
1495552861, 1869, 3, 6, 0, 0, 0.02%, 0, 0, 2, 5074.77
1495552866, 1882, 0, 6, 0, 0, 0.02%, 0, 0, 2, 5101.40
1495552871, 1894, 3, 6, 0, 0, 0.02%, 0, 0, 2, 5101.49
1495552877, 1907, 3, 6, 0, 0, 0.02%, 0, 0, 2, 5173.24
1495552882, 1920, 0, 6, 0, 0, 0.02%, 0, 0, 2, 4997.30
1495552887, 1932, 1, 6, 0, 0, 0.02%, 0, 0, 2, 4969.99
1495552892, 1944, 3, 6, 0, 0, 0.02%, 0, 0, 2, 4953.81
1495552897, 1957, 0, 6, 0, 0, 0.02%, 0, 0, 2, 4977.36
1495552902, 1969, 2, 6, 0, 0, 0.02%, 0, 0, 2, 4961.20
1495552907, 1981, 5, 6, 0, 0, 0.02%, 0, 0, 2, 5048.86
1495552913, 1994, 3, 6, 0, 0, 0.02%, 0, 0, 2, 5050.77
1495552918, 2007, 3, 6, 0, 0, 0.02%, 0, 0, 2, 5061.93
1495552923, 2020, 0, 6, 0, 0, 0.02%, 0, 0, 2, 5033.82
1495552928, 2033, 1, 6, 0, 0, 0.02%, 0, 0, 2, 5139.76
1495552933, 2045, 3, 6, 0, 0, 0.02%, 0, 0, 2, 5002.72
1495552938, 2058, 0, 6, 0, 0, 0.02%, 0, 0, 2, 5072.64
1495552943, 2071, 1, 6, 0, 0, 0.02%, 0, 0, 2, 5074.74
1495552949, 2084, 1, 6, 0, 0, 0.02%, 0, 0, 2, 5097.37
1495552954, 2097, 0, 6, 0, 0, 0.02%, 0, 0, 2, 5070.01
1495552959, 2110, 0, 6, 0, 0, 0.02%, 0, 0, 2, 5113.88
1495552964, 2122, 3, 6, 0, 0, 0.02%, 0, 0, 2, 5120.67
1495552969, 2135, 2, 6, 0, 0, 0.02%, 0, 0, 2, 5116.94
1495552974, 2148, 0, 6, 0, 0, 0.02%, 0, 0, 2, 5046.05
1495552980, 2160, 3, 6, 0, 0, 0.02%, 0, 0, 2, 5020.26
1495552985, 2173, 3, 6, 0, 0, 0.02%, 0, 0, 2, 5019.99
1495552990, 2186, 3, 6, 0, 0, 0.02%, 0, 0, 2, 5122.70
1495552995, 2199, 2, 6, 0, 0, 0.02%, 0, 0, 2, 5080.57
1495553000, 2211, 3, 6, 0, 0, 0.02%, 0, 0, 2, 5005.77
1495553005, 2223, 4, 6, 0, 0, 0.02%, 0, 0, 2, 4986.91
1495553010, 2236, 3, 6, 0, 0, 0.02%, 0, 0, 2, 4975.46
1495553016, 2249, 2, 6, 0, 0, 0.02%, 0, 0, 2, 5015.11
1495553021, 2262, 1, 6, 0, 0, 0.02%, 0, 0, 2, 5005.03
1495553026, 2275, 0, 6, 0, 0, 0.02%, 0, 0, 2, 5055.55
1495553031, 2287, 5, 6, 0, 0, 0.02%, 0, 0, 2, 4994.63
1495553036, 2300, 0, 6, 0, 0, 0.02%, 0, 0, 2, 4973.82
1495553041, 2312, 1, 6, 0, 0, 0.02%, 0, 0, 2, 4970.83
1495553046, 2324, 3, 6, 0, 0, 0.02%, 0, 0, 2, 4995.35
1495553052, 2337, 2, 6, 0, 0, 0.02%, 0, 0, 2, 4962.04
1495553057, 2349, 3, 6, 0, 0, 0.02%, 0, 0, 2, 4981.48
1495553062, 2362, 0, 6, 0, 0, 0.02%, 0, 0, 2, 4910.44
1495553067, 2374, 0, 6, 0, 0, 0.02%, 0, 0, 2, 4824.70
1495553072, 2386, 3, 6, 0, 0, 0.02%, 0, 0, 2, 4936.43
1495553077, 2398, 4, 6, 0, 0, 0.02%, 0, 0, 2, 4899.90
1495553082, 2410, 4, 6, 0, 0, 0.02%, 0, 0, 2, 4985.92
1495553088, 2423, 2, 6, 0, 0, 0.02%, 0, 0, 2, 5007.03
1495553093, 2435, 2, 6, 0, 0, 0.02%, 0, 0, 2, 4872.17
1495553098, 2447, 4, 6, 0, 0, 0.02%, 0, 0, 2, 4787.12
1495553103, 2459, 5, 6, 0, 0, 0.02%, 0, 0, 2, 4915.63
1495553108, 2471, 2, 6, 0, 0, 0.02%, 0, 0, 2, 4840.28
1495553113, 2483, 0, 6, 0, 0, 0.02%, 0, 0, 2, 4690.65
1495553119, 2494, 4, 6, 0, 0, 0.02%, 0, 0, 2, 4704.36
1495553124, 2506, 2, 6, 0, 0, 0.02%, 0, 0, 2, 4813.35
1495553129, 2518, 3, 6, 0, 0, 0.02%, 0, 0, 2, 4859.49
1495553134, 2531, 0, 6, 0, 0, 0.02%, 0, 0, 2, 4875.54
1495553139, 2543, 2, 6, 0, 0, 0.02%, 0, 0, 2, 4900.38
1495553144, 2555, 5, 6, 0, 0, 0.02%, 0, 0, 2, 4945.25
1495553149, 2568, 0, 6, 0, 0, 0.02%, 0, 0, 2, 4877.53
1495553155, 2580, 5, 6, 0, 0, 0.02%, 0, 0, 2, 4847.98
1495553160, 2592, 5, 6, 0, 0, 0.02%, 0, 0, 2, 4809.16
1495553165, 2605, 1, 6, 0, 0, 0.02%, 0, 0, 2, 4851.64
1495553170, 2617, 2, 6, 0, 0, 0.02%, 0, 0, 2, 4865.10
1495553175, 2629, 4, 6, 0, 0, 0.02%, 0, 0, 2, 4884.42
1495553181, 2642, 2, 6, 0, 0, 0.02%, 0, 0, 2, 4949.11
1495553186, 2655, 0, 6, 0, 0, 0.02%, 0, 0, 2, 5019.64
1495553191, 2667, 3, 6, 0, 0, 0.02%, 0, 0, 2, 5064.82
1495553196, 2680, 1, 6, 0, 0, 0.02%, 0, 0, 2, 5108.93
1495553201, 2692, 3, 6, 0, 0, 0.02%, 0, 0, 2, 5085.25
1495553206, 2705, 2, 6, 0, 0, 0.02%, 0, 0, 2, 5090.26
1495553212, 2718, 1, 6, 0, 0, 0.02%, 0, 0, 2, 5124.89
1495553217, 2731, 1, 6, 0, 0, 0.02%, 0, 0, 2, 5166.21
1495553222, 2743, 3, 6, 0, 0, 0.02%, 0, 0, 2, 5062.68
1495553227, 2755, 5, 6, 0, 0, 0.02%, 0, 0, 2, 4970.51
1495553232, 2768, 2, 6, 0, 0, 0.02%, 0, 0, 2, 4980.95
1495553237, 2780, 5, 6, 0, 0, 0.02%, 0, 0, 2, 5090.63
1495553242, 2793, 3, 6, 0, 0, 0.02%, 0, 0, 2, 5057.24
1495553248, 2805, 5, 6, 0, 0, 0.02%, 0, 0, 2, 5005.99
1495553253, 2818, 1, 6, 0, 0, 0.02%, 0, 0, 2, 4919.24
1495553258, 2830, 3, 6, 0, 0, 0.02%, 0, 0, 2, 4933.22
1495553263, 2842, 5, 6, 0, 0, 0.02%, 0, 0, 2, 5000.37
1495553268, 2855, 3, 6, 0, 0, 0.02%, 0, 0, 2, 5000.69
1495553273, 2868, 2, 6, 0, 0, 0.02%, 0, 0, 2, 5075.07
1495553279, 2881, 1, 6, 0, 0, 0.02%, 0, 0, 2, 5186.30
1495553284, 2893, 3, 6, 0, 0, 0.02%, 0, 0, 2, 5030.85
1495553289, 2906, 0, 6, 0, 0, 0.02%, 0, 0, 2, 4935.06
1495553294, 2917, 1, 6, 0, 0, 0.02%, 0, 0, 2, 4772.06
